ID,Name,COL,ROW,LON_UTM,LAT_UTM,LON,LAT,DT,idx
1,Shallap_GS,24,41,240794.881,8949505.424,-77.3609179282463,-9.49531180708821,0,2479
2,Transect_0,41,51,241657.997228323,8949994.01130417,-77.35303078,-9.490940357,0,4291
3,Snow_stake_2,53,54,242249.160899498,8950163.36491798,-77.34763904,-9.489446031,0,5566
4,Transect_6,57,58,242453.208981097,8950336.58836715,-77.34577096,-9.487893032,0,5994
5,Transect_3,53,54,242240.28687415,8950160.42971149,-77.34772,-9.489472015,0,5566
6,Sha_T1_f,45,50,241859.004083851,8949940.01087711,-77.35120436,-9.491440672,0,4714
7,Sha_T1_i,45,49,241836.997777624,8949929.01014498,-77.35140536,-9.491538741,0,4713
8,Sha_T2_f,47,51,241958.00029559,8949986.00741135,-77.35030037,-9.491031049,0,4927
9,Sha_T2_i,48,51,241990.003196875,8949992.0115183,-77.35000868,-9.490978746,0,5033
10,Sha_T3_f,53,54,242252.997946664,8950172.00723355,-77.34760358,-9.489368163,0,5566
11,Sha_T3_i,53,54,242242.004262924,8950142.01216866,-77.3477055,-9.489638563,0,5566
12,Sha_T4_f,55,57,242340.003701985,8950322.0042441,-77.34680235,-9.488017922,0,5781
13,Sha_T4_i,54,57,242318.001380148,8950298.00985236,-77.34700411,-9.488233421,0,5675
14,Sha_T5_f,56,57,242384.004975217,8950283.00374097,-77.34640421,-9.488373064,0,5887
15,Sha_T5_i,56,56,242395.00386886,8950255.00300908,-77.34630581,-9.488626784,0,5886
16,Sha_T6_f,57,58,242439.001694747,8950331.01098461,-77.34590063,-9.487942569,0,5994
17,Sha_T6_i,57,58,242448.997353439,8950359.00511099,-77.34580792,-9.48769019,0,5994
18,SMN,57,51,242457.99992674,8949987.00777576,-77.34574884,-9.49105256,0,5987
19,SG,74,55,243311.000516754,8950197.00760324,-77.33797112,-9.48920672,0,7793
20,SMO,77,49,243426.999961625,8949887.00754165,-77.33693417,-9.49201533,0,8105
21,Cluster_1,8,68,239994.881,8950855.424,-77.3681165008988,-9.483062513322,0,810
22,Cluster_2,11,67,240144.881,8950805.424,-77.3667542094316,-9.4835236009981,0,1127
23,Cluster_3,11,59,240144.881,8950405.424,-77.3667790097756,-9.48713843365778,0,1119
24,Cluster_4,18,61,240494.881,8950505.424,-77.3635868623144,-9.48625625713117,0,1863
25,Cluster_5,19,70,240544.881,8950955.424,-77.3631038723978,-9.48219263294422,0,1978
26,Cluster_6,24,52,240794.881,8950055.424,-77.3608838848659,-9.49034139316305,0,2490
27,Cluster_7,26,46,240894.881,8949755.424,-77.3599921601671,-9.49305867215818,0,2696
28,Cluster_8,27,53,240944.881,8950105.424,-77.3595153659493,-9.48989874917007,0,2809
29,Cluster_9,28,54,240994.881,8950155.424,-77.3590571325846,-9.48944996212478,0,2916
30,Cluster_10,28,52,240994.881,8950055.424,-77.3590633155264,-9.49035367510224,0,2914
31,Cluster_11,29,65,241044.881,8950705.424,-77.3585680024259,-9.48448260691957,0,3033
32,Cluster_12,29,56,241044.881,8950255.424,-77.358595809919,-9.48854931750951,0,3024
33,Cluster_13,30,57,241094.881,8950305.424,-77.3581375796834,-9.48810052850116,0,3131
34,Cluster_14,30,56,241094.881,8950255.424,-77.3581406694256,-9.48855238533152,0,3130
35,Cluster_15,30,46,241094.881,8949755.424,-77.3581715753105,-9.49307095294023,0,3120
36,Cluster_16,31,48,241144.881,8949855.424,-77.3577102474939,-9.49217030794019,0,3228
37,Cluster_17,32,58,241194.881,8950355.424,-77.3572242110266,-9.48765480493531,0,3344
38,Cluster_18,32,57,241194.881,8950305.424,-77.3572272994249,-9.48810666207562,0,3343
39,Cluster_19,33,58,241244.881,8950355.424,-77.3567690712616,-9.48765787068784,0,3450
40,Cluster_20,33,39,241244.881,8949405.424,-77.3568277658245,-9.49624315701635,0,3431
41,Cluster_21,34,81,241294.881,8951505.424,-77.3562429679883,-9.47726821130179,0,3579
42,Cluster_22,34,57,241294.881,8950305.424,-77.3563170185511,-9.4881127932872,0,3555
43,Cluster_23,34,45,241294.881,8949705.424,-77.3563540770452,-9.49353508155159,0,3543
44,Cluster_24,35,74,241344.881,8951155.424,-77.3558094263637,-9.48043427732648,0,3678
45,Cluster_25,35,59,241344.881,8950405.424,-77.3558557048105,-9.48721214282217,0,3663
46,Cluster_26,35,51,241344.881,8950005.424,-77.3558804007922,-9.49082700325788,0,3655
47,Cluster_27,35,38,241344.881,8949355.424,-77.3559205527485,-9.49670114974086,0,3642
48,Cluster_28,36,47,241394.881,8949805.424,-77.3554376057001,-9.49263749878667,0,3757
49,Cluster_29,36,44,241394.881,8949655.424,-77.3554468692889,-9.49399307153549,0,3754
50,Cluster_30,37,81,241444.881,8951505.424,-77.3548775883379,-9.47727739299549,0,3897
51,Cluster_31,38,69,241494.881,8950905.424,-77.3544594471576,-9.48270275140981,0,3991
52,Cluster_32,38,57,241494.881,8950305.424,-77.3544964549584,-9.48812504862167,0,3979
53,Cluster_33,39,47,241544.881,8949805.424,-77.3540721644598,-9.49264669208327,0,4075
54,Cluster_34,40,54,241594.881,8950155.424,-77.3535954240771,-9.48948674765387,0,4188
55,Cluster_35,41,51,241644.881,8950005.424,-77.3531495321363,-9.49084538451512,0,4291
56,Cluster_36,41,50,241644.881,8949955.424,-77.3531526162547,-9.49129724290344,0,4290
57,Cluster_37,43,61,241744.881,8950505.424,-77.3522084205176,-9.48633291932896,0,4513
58,Cluster_38,43,19,241744.881,8948405.424,-77.3523379711976,-9.50531097852408,0,4471
59,Cluster_39,44,56,241794.881,8950255.424,-77.3517686863726,-9.48859527281065,0,4614
60,Cluster_40,44,33,241794.881,8949105.424,-77.3518396012093,-9.49898802423235,0,4591
61,Cluster_41,47,81,241944.881,8951505.424,-77.3503263128538,-9.47730796028848,0,4957
62,Cluster_42,48,50,241994.881,8949955.424,-77.3499665916699,-9.49131866185538,0,5032
63,Cluster_43,48,49,241994.881,8949905.424,-77.3499696717753,-9.49177052126894,0,5031
64,Cluster_44,49,47,242044.881,8949805.424,-77.3495206836776,-9.49267729798914,0,5135
65,Cluster_45,51,83,242144.881,8951605.424,-77.3484996516863,-9.4764164501481,0,5383
66,Cluster_46,51,47,242144.881,8949805.424,-77.3486103856803,-9.49268341207804,0,5347
67,Cluster_47,51,43,242144.881,8949605.424,-77.3486227017183,-9.49449085128234,0,5343
68,Cluster_48,52,60,242194.881,8950455.424,-77.3481152340006,-9.48681228750139,0,5466
69,Cluster_49,52,57,242194.881,8950305.424,-77.348124463037,-9.48816786786032,0,5463
70,Cluster_50,52,52,242194.881,8950055.424,-77.3481398478288,-9.49042716820602,0,5458
71,Cluster_51,53,79,242244.881,8951405.424,-77.3476016851139,-9.47822999342,0,5591
72,Cluster_52,54,82,242294.881,8951555.424,-77.3471373392555,-9.47687746157984,0,5700
73,Cluster_53,54,58,242294.881,8950355.424,-77.3472111007144,-9.48772211503959,0,5676
74,Cluster_54,54,50,242294.881,8949955.424,-77.3472357074729,-9.49133699791052,0,5668
75,Cluster_55,56,57,242394.881,8950305.424,-77.3463038883966,-9.48818008066198,0,5887
76,Cluster_56,56,49,242394.881,8949905.424,-77.3463284868584,-9.49179496579932,0,5879
77,Cluster_57,56,22,242394.881,8948555.424,-77.3464115790204,-9.50399519716849,0,5852
78,Cluster_58,57,58,242444.881,8950355.424,-77.3458456708299,-9.48773127153864,0,5994
79,Cluster_59,57,23,242444.881,8948605.424,-77.3459533352517,-9.50354639366481,0,5959
80,Cluster_60,58,61,242494.881,8950505.424,-77.3453813093611,-9.48637873946342,0,6103
81,Cluster_61,59,68,242544.881,8950855.424,-77.3449046685538,-9.48321876079693,0,6216
82,Cluster_62,59,60,242544.881,8950455.424,-77.3449292392664,-9.48683365059455,110.569824425668,6208
83,Cluster_63,59,57,242544.881,8950305.424,-77.3449384558085,-9.48818923406041,132.736978397117,6205
84,Cluster_64,60,56,242594.881,8950255.424,-77.3444863831981,-9.48864414528961,68,6310
85,Cluster_65,60,55,242594.881,8950205.424,-77.3444894552428,-9.48909600655485,148.681140573838,6309
86,Cluster_66,61,82,242644.881,8951555.424,-77.3439514339456,-9.47689879362924,0,6442
87,Cluster_67,62,67,242694.881,8950805.424,-77.343542323238,-9.48367976571339,0,6533
88,Cluster_68,62,51,242694.881,8950005.424,-77.3435914483473,-9.49090955139349,0,6517
89,Cluster_69,62,38,242694.881,8949355.424,-77.343631391328,-9.49678374987861,0,6504
90,Cluster_70,62,28,242694.881,8948855.424,-77.3436621342876,-9.50130236264508,0,6494
91,Cluster_71,63,74,242744.881,8951155.424,-77.3430657084635,-9.48051977912991,0,6646
92,Cluster_72,63,58,242744.881,8950355.424,-77.3431148069285,-9.48774956858737,63.8277881202073,6630
93,Cluster_73,65,90,242844.881,8951955.424,-77.3421063979966,-9.4732960712813,0,6874
94,Cluster_74,65,32,242844.881,8949055.424,-77.3422843552725,-9.49950407153443,0,6816
95,Cluster_75,66,69,242894.881,8950905.424,-77.341715633143,-9.48278822435821,0,6959
96,Cluster_76,67,78,242944.881,8951355.424,-77.3412329085455,-9.47872450566514,0,7074
97,Cluster_77,68,77,242994.881,8951305.424,-77.3407808392329,-9.47917941051525,104.476065180836,7179
98,Cluster_78,68,66,242994.881,8950755.424,-77.340814552475,-9.4841498996517,83,7168
99,Cluster_79,68,63,242994.881,8950605.424,-77.3408237502032,-9.48550548733311,99.9888259060364,7165
100,Cluster_80,69,73,243044.881,8951105.424,-77.3403379600938,-9.48098990356026,129.050893474756,7281
101,Cluster_81,70,31,243094.881,8949005.424,-77.3400116219818,-9.49997117855119,0,7345
102,Cluster_82,71,93,243144.881,8952105.424,-77.3393664608939,-9.47195872160847,0,7513
103,Cluster_83,71,85,243144.881,8951705.424,-77.3393909439745,-9.47557362810451,0,7505
104,Cluster_84,72,76,243194.881,8951255.424,-77.3389633640814,-9.47964343700841,0,7602
105,Cluster_85,72,70,243194.881,8950955.424,-77.3389817374786,-9.48235461655522,61.8394006060841,7596
106,Cluster_86,72,55,243194.881,8950205.424,-77.3390276950111,-9.4891325634356,0,7581
107,Cluster_87,72,33,243194.881,8949105.424,-77.3390951615184,-9.49907354705643,0,7559
108,Cluster_88,73,57,243244.881,8950305.424,-77.3385664188671,-9.48823187962043,0,7689
109,Cluster_89,74,97,243294.881,8952305.424,-77.3379888548825,-9.47016037717801,0,7835
110,Cluster_90,74,80,243294.881,8951455.424,-77.3380408524277,-9.47784206089491,0,7818
111,Cluster_91,74,60,243294.881,8950455.424,-77.3381020824575,-9.48687933119182,84.0466964956429,7798
112,Cluster_92,74,37,243294.881,8949305.424,-77.3381725724421,-9.49727218579398,0,7775
113,Cluster_93,74,32,243294.881,8949055.424,-77.3381879070334,-9.49953150112796,0,7770
114,Cluster_94,75,76,243344.881,8951255.424,-77.3375979580578,-9.47965255364717,0,7920
115,Cluster_95,76,55,243394.881,8950205.424,-77.3372071033801,-9.48914473015648,0,8005
116,Cluster_96,77,96,243444.881,8952255.424,-77.3366265410525,-9.47062134528237,0,8152
117,Cluster_97,77,69,243444.881,8950905.424,-77.3367091019671,-9.48282167637469,73.657216131213,8125
118,Cluster_98,77,66,243444.881,8950755.424,-77.3367182822633,-9.48417726815102,99.6088354679004,8122
119,Cluster_99,78,92,243494.881,8952055.424,-77.3361836388421,-9.47243183648189,0,8254
120,Cluster_100,78,54,243494.881,8950155.424,-77.3362998681353,-9.48960267388075,0,8216
121,Cluster_101,78,33,243494.881,8949105.424,-77.3363641945621,-9.49909181304904,0,8195
122,Cluster_102,79,34,243544.881,8949155.424,-77.3359059687766,-9.49864299152012,0,8302
123,Cluster_103,80,61,243594.881,8950505.424,-77.3353681507345,-9.48644570193933,0,8435
124,Cluster_104,82,46,243694.881,8949755.424,-77.3345037487931,-9.49322974253874,0,8632
125,Cluster_105,83,79,243744.881,8951405.424,-77.3339477035966,-9.47832124390925,0,8771
126,Cluster_106,83,33,243744.881,8949105.424,-77.3340883845716,-9.49910701844461,0,8725
127,Cluster_107,85,51,243844.881,8950005.424,-77.333122993485,-9.49097953039646,0,8955
128,Cluster_108,85,33,243844.881,8949105.424,-77.3331780595089,-9.49911309646263,0,8937
129,Cluster_109,86,65,243894.881,8950705.424,-77.3326250547512,-9.48465645404434,0,9075
130,Cluster_110,87,67,243944.881,8950805.424,-77.3321638021283,-9.48375575611186,96.62413667382,9183
131,Cluster_111,88,86,243994.881,8951755.424,-77.3316506677412,-9.47517334055392,0,9308
132,Cluster_112,88,70,243994.881,8950955.424,-77.3316994990885,-9.48240319138075,0,9292
133,Cluster_113,88,33,243994.881,8949105.424,-77.3318125707727,-9.49912220905375,0,9255
134,Cluster_114,88,31,243994.881,8949005.424,-77.3318186886906,-9.50002593924657,0,9253
135,Cluster_115,89,69,244044.881,8950905.424,-77.3312474105524,-9.48285808800551,58.8607547396717,9397
136,Cluster_116,89,30,244044.881,8948955.424,-77.3313665828739,-9.50048084111254,0,9358
137,Cluster_117,90,70,244094.881,8950955.424,-77.3307892165485,-9.48240925260676,10,9504
138,Cluster_118,90,69,244094.881,8950905.424,-77.3307922686117,-9.48286111847028,100.832199509155,9503
139,Cluster_119,90,32,244094.881,8949055.424,-77.3309053018789,-9.4995801465539,0,9466
140,Cluster_120,91,69,244144.881,8950905.424,-77.3303371265188,-9.48286414834464,26.6555666012681,9609
141,Cluster_121,92,88,244194.881,8951855.424,-77.329824043669,-9.47428171848359,0,9734
142,Cluster_122,92,69,244194.881,8950905.424,-77.3298819842739,-9.48286717762856,119.15290448229,9715
143,Cluster_123,93,90,244244.881,8951955.424,-77.3293628179354,-9.47338101128645,0,9842
144,Cluster_124,93,87,244244.881,8951805.424,-77.329371960109,-9.47473661091736,0,9839
145,Cluster_125,93,85,244244.881,8951705.424,-77.3293780556513,-9.47564034394167,0,9837
146,Cluster_126,93,43,244244.881,8949605.424,-77.3295062024911,-9.49461872580698,0,9795
147,Cluster_127,94,85,244294.881,8951705.424,-77.3289229226136,-9.47564336969506,0,9943
148,Cluster_128,94,57,244294.881,8950305.424,-77.3290083073958,-9.48829563085522,0,9915
149,Cluster_129,94,43,244294.881,8949605.424,-77.3290510444702,-9.49462175772841,0,9901
150,Cluster_130,95,90,244344.881,8951955.424,-77.3284525576495,-9.47338706073488,0,10054
151,Cluster_131,95,76,244344.881,8951255.424,-77.3284952161896,-9.4797131954874,0,10040
152,Cluster_132,95,67,244344.881,8950805.424,-77.3285226552625,-9.48377999509577,0,10031
153,Cluster_133,97,91,244444.881,8952005.424,-77.3275392520449,-9.47294124066793,0,10267
154,Cluster_134,97,79,244444.881,8951405.424,-77.3275757986002,-9.47836364570938,0,10255
155,Cluster_135,98,91,244494.881,8952005.424,-77.3270841219643,-9.47294426318098,0,10373
156,Cluster_136,98,87,244494.881,8951805.424,-77.327096299343,-9.47475173231656,0,10369
157,Cluster_137,98,86,244494.881,8951755.424,-77.3270993440673,-9.47520359956898,0,10368
158,Cluster_138,98,84,244494.881,8951655.424,-77.3271054339714,-9.47610733403604,0,10366
159,Cluster_139,98,29,244494.881,8948905.424,-77.3272731443762,-9.50096001212282,0,10311
160,Cluster_140,99,82,244544.881,8951555.424,-77.3266563889029,-9.47701409169632,0,10470
161,Cluster_141,99,74,244544.881,8951155.424,-77.3266807522673,-9.48062903003287,0,10462
162,Cluster_142,100,69,244594.881,8950905.424,-77.3262408408439,-9.48289139064415,0,10563
163,Cluster_143,101,67,244644.881,8950805.424,-77.3257917887304,-9.48379814953294,0,10667
164,Cluster_144,105,47,244844.881,8949805.424,-77.32403210878,-9.49284759882302,0,11071
165,Cluster_145,106,67,244894.881,8950805.424,-77.3235160624464,-9.48381326199183,0,11197
166,Cluster_146,106,45,244894.881,8949705.424,-77.323583043542,-9.49375435889397,0,11175
167,Cluster_147,106,33,244894.881,8949105.424,-77.3236196096198,-9.49917677281323,0,11163
168,Cluster_148,107,64,244944.881,8950655.424,-77.3230700444144,-9.48517188763384,0,11300
169,Cluster_149,107,47,244944.881,8949805.424,-77.3231217937057,-9.49285364671418,0,11283
170,Cluster_150,108,70,244994.881,8950955.424,-77.3225966463398,-9.48246369736734,0,11412
171,Cluster_151,108,65,244994.881,8950705.424,-77.3226118546499,-9.48472303976186,0,11407
172,Cluster_152,108,62,244994.881,8950555.424,-77.3226209814547,-9.48607864504736,0,11404
173,Cluster_153,109,34,245044.881,8949155.424,-77.3222510650925,-9.4987339799451,0,11482
174,Cluster_154,109,24,245044.881,8948655.424,-77.3222815341129,-9.50325266134329,0,11472
175,Cluster_155,109,22,245044.881,8948555.424,-77.3222876297359,-9.50415639747143,0,11470
176,Cluster_156,110,24,245094.881,8948655.424,-77.3218263623442,-9.50325568658754,0,11578
177,Cluster_157,110,22,245094.881,8948555.424,-77.321832456775,-9.50415942300851,0,11576
178,Cluster_158,111,26,245144.881,8948755.424,-77.3213650977913,-9.50235497447579,0,11686
179,Cluster_159,111,25,245144.881,8948705.424,-77.3213681440318,-9.50280684286422,0,11685
180,Cluster_160,111,23,245144.881,8948605.424,-77.3213742369675,-9.50371057960324,0,11683
181,Cluster_161,111,22,245144.881,8948555.424,-77.3213772836626,-9.5041624479538,0,11682
182,Cluster_162,112,26,245194.881,8948755.424,-77.3209099269115,-9.50235799824384,0,11792
183,Cluster_163,112,24,245194.881,8948655.424,-77.3209160183521,-9.50326173530081,0,11790
184,Cluster_164,112,22,245194.881,8948555.424,-77.3209221103986,-9.50416547230729,0,11788
185,Cluster_165,113,23,245244.881,8948605.424,-77.3204638914802,-9.50371662742571,0,11895
186,Cluster_166,113,22,245244.881,8948555.424,-77.3204669369832,-9.50416849606896,0,11894
